1110	884	1396546306257	1	50	c
42	52	1392197073670	1	36	software,avr-toolchain
37	60	1392192317680	1	34	compile,sketch-size
4119	3925	1410298943627	1	30	arduino-uno,i2c,atmega328
4180	2967	1410647267800	1	28	arduino-ide,c,build
4128	3933	1410365187523	1	28	analogread
71	94	1392207761363	1	26	clones
96	118	1392230506053	1	26	power,heat
1567	594	1400344092373	1	23	arduino-uno
4022	3619	1409622119810	1	22	interrupt,timers
74	99	1392208578303	1	22	arduino-uno,enclosure
976	832	1396063746877	1	21	led
4132	3938	1410384942583	1	20	mosfet
4005	3568	1409525682167	1	20	i2c,time
3318	3178	1405471720137	1	20	arduino-mega
3872	3554	1408590907613	1	20	arduino-mega,sd-card
169	118	1392323107000	1	19	arduino-nano,prototype,wires
1281	1172	1398382650180	1	19	uploading,bootloader
186	11	1392357664640	1	19	button
4171	3972	1410626909450	1	18	arduino-ide
4028	3819	1409698436497	1	18	serial,i2c,spi,networking
1777	1660	1401501025483	1	18	button
3819	3219	1408307386920	1	17	arduino-uno,bootloader,arduino-pro-mini
3893	1631	1408745460023	1	17	arduino-uno,library,timers,linux
6	11	1392176910837	1	17	power,battery
261	11	1392621840157	1	17	serial
3223	2867	1404267225677	1	17	untagged
4164	3966	1410596815870	1	17	bootloader,sketch,safety
60	83	1392202609120	1	17	safety
3658	731	1407367841987	1	17	arduino-uno,c++,class
3027	2897	1403468192107	1	16	sensors,arduino-due
3254	1499	1405056709590	1	16	uploading
235	123	1392490265673	1	16	power,relay
316	42	1392874973183	1	16	pins,interrupt,isr
91	114	1392227013707	1	16	lcd,shields
756	136	1394981559307	1	16	ide,build
1719	1592	1401139345927	1	16	sensors,shields,system-design
124	52	1392251178917	1	16	safety
3772	3336	1407975379923	1	15	arduino-uno
333	261	1393003900307	1	15	pwm
218	46	1392435875220	1	15	atmega328
85	42	1392218543107	1	15	serial,pins,uploading,arduino-uno
1802	1552	1401722383883	1	15	interrupt,timers,isr,pointer
122	113	1392244080757	1	15	library
574	405	1393841258563	1	15	arduino-uno,pins
355	65	1393141220173	1	15	programming,sram
1764	1637	1401421256367	1	15	uploading,networking
27	59	1392186868287	1	15	time,millis
3294	600	1405352276140	1	15	bootloader
1508	233	1399933884423	1	15	arduino-uno,programming,string
1370	1049	1399015874073	1	15	gsm
342	261	1393029053623	1	14	fat,sd-card
1298	1185	1398476444983	1	14	shields
1728	1601	1401222124453	1	14	arduino-uno,serial
4025	3786	1409649604543	1	14	pins,pwm,servo
418	42	1393262622077	1	14	arduino-uno,serial,pins,arduino-due,voltage-level
1857	3540	1402032321727	1	14	untagged
13	36	1392180286803	1	14	linux
3068	2838	1403680262417	1	14	led,button
12	24	1392178253907	1	14	arduino-uno,firmware
141	33	1392277987690	1	14	programming
2980	2838	1403066533930	1	14	analogwrite
532	136	1393685203670	1	13	button,ui,display
3341	667	1405619295237	1	13	hardware
3603	3237	1407076420753	1	13	time
3219	3066	1404791734867	1	13	arduino-uno,programming
3892	3682	1408744159980	1	13	arduino-motor-shield,nrf24l01+
983	693	1396112078267	1	13	gyroscope,accelerometer,i2cdevlib,mpu6050
1115	963	1396749814517	1	13	serial,uart
1256	1143	1398233836723	1	13	bluetooth,display
182	87	1392348763623	1	13	arduino-uno,networking,system-design
274	220	1392668790470	1	12	programming
3369	3237	1405894404870	1	12	power,arduino-leonardo
3105	2955	1403919094097	1	12	serial
113	65	1392239053967	1	12	time,millis
253	186	1392594537677	1	12	android
319	42	1392914223207	1	12	programming,c++,data-type,performance
331	42	1392995687667	1	12	arduino-uno,lcd,oscillator-clock
3694	3510	1407541656057	1	12	serial
4088	3889	1410102773893	1	12	gps
725	600	1394691431663	1	12	battery
3088	1499	1403753988497	1	12	serial,softwareserial
1194	943	1397679329203	1	11	shields,tcpip,gsm
1048		4099784400000	1	11	avr
2896	2758	1402404519097	1	11	arduino-nano
3964	3756	1409277986997	1	11	sensors,pins
294	220	1392788903407	1	11	clones,counterfeit
123	44	1392244259020	1	11	ethernet,arduino-due,atmel-studio,wifi,tcpip
3348	1335	1405692335250	1	11	led
3463	3313	1406448691753	1	11	arduino-mega,android,web-service
1794	1370	1401672843997	1	11	arduino-uno,battery,analogread
3719	600	1407723239380	1	11	spi,atmega32u4
1773	1656	1401487241717	1	11	timers,pwm,millis
1767	1568	1401431313580	1	11	arduino-ide,build
3202	2838	1404687738887	1	11	arduino-uno,resistor
3996	3328	1409493498260	1	11	gsm
414	37	1393225566347	1	11	timers,programming
1513	1408	1399943021750	1	11	arduino-uno,led,resistor
1328	1230	1398729556433	1	10	arduino-uno,uploading,bootloader
4116	3923	1410286479203	1	10	arduino-yun,arduino-leonardo,pwm,atmega32u4